5988 748 1722 3752 4655 5743 1872 3413 5527 6368 6085 4319 4728 1636 2397 3364 4001 1614 1819 1585 732 2660 3952 2507 3891 2070 2239 2602 612 1352 5447 4548 1596 5488 1605 5517 11 479 2554 2043 17 865 4292 6312 473 534 1479 6375 4456 
5989 4080 4264 4446 3779 2430 2297 6169 3530 3272 4282 6432 2548 4140 185 105 3878 2429 1334 4595 2767 3956 3877 4776 4946 3407 128 269 5775 5121 481 5516 4758 4053 1044 1602 3889 1535 6038 533 3986 
5982 217 595 1194 3308 2940 1815 794 1503 5197 859 5096 6039 2664 651 2244 528 284 1449 1097 1172 1092 108 3405 5204 387 4607 4545 3705 4930 1805 4712 4404 247 4754 4427 1845 536 5795 5978 533 3984 6056 
5983 1165 3836 4361 1282 716 4289 4646 6300 5084 2397 4454 1913 5861 5485 
5980 2731 3712 1587 6084 2472 2546 6313 875 859 323 2664 1469 522 2506 2919 2423 3624 5736 5046 1787 5776 3245 3840 2399 
5981 3569 5353 4087 2653 2058 2218 5354 5306 3135 4088 4869 2958 2959 5732 4076 4155 291 
5986 2658 3712 2650 1265 133 4024 6313 3120 6066 3546 403 545 4860 4337 2295 5467 128 2399 5999 5516 5309 4731 2557 5013 4132 5306 5615 2397 945 533 5694 824 1383 3771 592 5017 704 3778 1127 1480 274 5768 6148 4204 5250 4804 1715 2069 2548 525 2664 520 522 4978 6306 1259 5002 449 2449 1231 3662 3950 2603 2931 3319 3955 3210 5776 5088 2273 5576 1649 518 1535 3356 5874 5973 1660 4359 4188 2614 2613 3594 3805 3750 331 3757 1347 4366 66 2199 3296 3008 1425 3454 1638 1587 731 183 2 2689 505 5021 2629 5834 4441 2184 4607 4603 5716 969 867 6196 604 2438 155 2430 3632 5446 5696 4454 3233 6227 1116 1177 563 2728 5736 4898 859 5535 5046 2971 1805 1602 1289 3220 4589 3989 5931 3986 1369 
5987 2614 5716 1765 1818 2909 6436 1587 6451 5661 4069 1962 66 6084 6148 2051 4045 6005 6419 6432 3626 2119 6417 5707 2987 3388 6438 2666 1380 6066 725 1469 2508 5905 5332 6059 2107 197 6057 3762 2467 2723 2810 5099 3935 208 2422 611 713 1331 1330 2183 4621 5736 1420 5323 2449 2506 3724 2452 2350 58 1645 1647 1554 3354 1766 2896 4070 53 5815 4480 4898 260 4978 5388 875 827 729 2028 820 2373 
5984 590 4898 745 3805 2650 2430 3757 4756 5744 4650 2093 3079 491 2201 2204 6112 4827 874 859 2664 2623 1314 3956 2589 6066 4629 4839 1805 4933 2557 5716 6295 2310 5306 2311 6313 4454 6296 6030 2354 2399 
5985 3233 2254 212 2023 2728 2557 3805 5716 2650 1265 3594 4654 6359 4454 2249 5874 2184 4236 505 
6294 4898 1127 3220 859 2664 5736 533 4454 6066 4601 5652 4603 2399 
270 2658 3003 3805 3861 2650 2842 132 4898 3146 921 5529 6148 491 154 977 4516 859 2481 3971 2664 5868 736 3087 6306 5064 3584 3585 3586 5535 6066 1499 1082 3509 6273 6274 2557 5716 4395 5306 5408 824 2008 
271 4935 5716 4309 3829 5794 3405 4929 1449 2940 
272 2717 4363 4088 3254 6121 6380 5885 4106 6160 5358 6166 1858 4705 4704 5352 4383 6105 1967 5234 2221 5846 5907 4090 678 2603 712 3484 3135 1545 3522 2959 2921 5732 5308 1595 5360 3547 4747 1727 2218 5306 829 5082 5970 4415 
273 1165 5013 5110 5113 3949 3889 5294 5438 274 4109 3329 1628 6229 1892 3214 4925 2544 1582 6286 2328 6269 6206 1527 340 650 6241 4860 6306 2159 2465 3914 4210 1155 672 2588 1991 247 5303 3919 1498 2309 1959 4398 424 3994 4171 2273 1189 1602 5616 4647 5306 3507 642 6316 3989 5791 1381 
274 3920 5310 4024 5986 5653 340 3998 3995 3994 3990 2919 3331 1496 1498 5309 4731 4736 2318 5306 1129 592 595 4324 193 1127 273 4650 279 3670 3385 2544 2548 3388 524 4477 522 523 6174 1402 1400 5002 1231 4213 2449 5776 4812 6273 2040 2041 4420 1535 4959 6079 2614 2613 3805 337 3806 5138 3294 3296 4085 854 5705 5706 858 859 2689 3852 3890 6208 99 1991 4171 4173 3208 3637 2945 1199 1191 3340 4256 5535 4462 1881 3705 2122 2080 1289 684 2659 2658 5467 4188 2650 133 4228 5076 3418 406 405 403 2400 4862 6241 4860 2016 2159 3836 3837 1959 4132 3245 5692 5696 824 5699 709 705 6141 6140 6148 5491 4045 5250 4729 6313 2301 5312 4726 4978 1657 3214 3662 3152 3210 2276 2273 4066 514 516 1348 4261 3594 4268 453 2450 1347 1876 4400 1084 2052 3691 6286 5547 3697 182 183 2 6049 6367 3080 1910 5719 5717 5716 862 3889 867 275 3233 3231 323 328 5800 207 3624 3359 5446 5931 1762 3716 4306 3712 3495 1265 4576 3652 6006 6003 3122 698 547 545 2240 4888 2465 2466 5148 1319 1017 1829 5616 5615 2411 2069 6311 6316 6253 2669 1381 1383 1923 4210 5099 3470 4198 4289 6061 2664 361 2934 2931 3319 5486 5485 6173 4759 1640 1649 5979 5978 5876 5874 5875 5973 5975 3751 3750 3757 4366 3003 2199 3008 4360 1425 1582 3360 1587 3363 731 2369 505 1036 2586 468 5021 2423 1356 5026 4441 4442 3724 5657 3726 6242 4861 6353 6351 4521 6196 2108 1103 1100 3868 5110 5113 5296 5297 5294 5290 3530 3538 875 1818 2740 6227 2031 3919 3918 4754 5209 5834 1602 3220 809 3989 3986 806 2842 3329 4704 1773 5999 1779 1071 1158 670 671 672 2295 2506 269 5514 5516 2551 6012 2557 2559 2397 533 3035 2399 5013 66 5017 1909 1906 5768 5762 4204 4804 6269 6066 6067 6308 1399 6306 6300 6303 6302 2603 3950 3955 5121 847 5088 4290 3469 3507 2670 4898 5238 1634 3211 508 3605 2819 3178 2959 2184 4607 4603 1189 3374 3373 1480 2354 1165 2438 155 154 157 4362 2430 4368 4240 5524 5525 4455 4454 1892 6347 4924 1353 1299 1116 1118 1291 1567 2726 1350 5165 2729 2728 5736 489 5047 5046 5738 4398 4399 1805 3428 4395 1366 1365 4589 478 1369 
275 4366 3373 1587 133 4400 4898 274 5138 6269 5491 2052 1634 2544 5705 6286 2548 859 5657 3697 6066 403 6241 4860 6306 2159 4210 1350 5616 3331 5013 489 5046 6242 1881 4398 3428 4171 5719 2557 5716 1289 3507 6140 5876 3989 684 2354 
276 2277 5251 4806 2602 2397 612 5016 3499 4401 1809 6312 748 4864 6243 3991 
277 1068 3495 6194 3636 5326 576 4240 710 1472 929 123 403 5059 1361 4366 5525 
278 1145 667 2650 767 1265 1787 5740 5741 6084 4781 4147 211 6066 4980 4983 545 1675 2246 3994 3245 2466 1097 4033 6445 2557 5306 4978 920 6252 3949 3829 111 5600 5768 5602 5760 4045 5411 5412 5419 3 2937 6316 5002 2449 5099 3950 824 4542 5121 3468 6072 5972 3805 5033 2453 1347 154 1739 859 4821 501 3601 2422 2423 4441 1864 6267 2957 813 16 5716 3889 867 5710 5795 1457 1453 1459 606 2731 2867 5294 4240 4453 3148 3532 3066 4454 237 3733 1892 6341 3231 6418 1818 323 5927 3977 5923 2506 4846 5458 3387 5169 4252 3624 148 5737 5736 3059 5046 2971 3053 2124 1045 3071 1602 2235 472 5935 4855 5178 
279 4366 4085 1065 2842 1127 5013 274 3003 5250 3696 340 6182 6183 4860 6306 6367 992 3950 5535 5467 6273 189 5428 2273 1289 5306 3989 1100 6253 1381 6254 
2143 1165 6095 4211 1231 625 5375 5999 5294 859 1823 4592 5973 4024 387 920 2800 2971 5106 1369 
2142 2548 4239 4440 2650 1309 133 3417 3655 3045 491 5587 1836 3924 1773 2688 6095 2664 6327 403 545 3995 2016 936 5380 3495 2031 5386 5388 5868 5142 3930 4887 4563 5467 3406 1959 5516 4731 2557 2316 3035 2493 1821 3031 5306 3363 259 533 4074 2419 5848 4406 4465 376 318 1324 3889 1127 3143 111 6146 5768 3329 6148 5763 3300 4045 6313 1719 4726 428 6066 919 4492 3025 5960 2976 6306 1407 6300 5792 5002 1139 2449 2603 3950 1332 5670 5778 6179 5125 2931 5121 5776 4758 6420 2273 2577 2885 4754 3469 1381 1535 5978 5874 5008 4953 4741 3591 3594 3805 3801 3754 3757 5663 4898 5334 5664 4346 251 854 289 3055 970 4826 3691 5540 859 1736 186 2689 340 505 2362 500 1507 3601 2584 2625 5021 5555 4441 4446 2184 1910 2189 1676 4374 5105 6402 967 2040 1188 6405 5716 1029 3440 867 3208 1103 2022 3961 2354 4650 4366 154 602 5294 1206 4240 3530 5214 5066 5525 2949 4454 1892 3439 3231 5351 6108 875 1963 1696 638 4120 1442 1759 3188 374 1177 2726 3620 2645 2728 685 75 5736 5535 5046 2971 3359 3358 2975 3544 2238 4018 3371 1714 1289 4395 2237 1767 472 4997 5931 6235 1478 1369 806 3994 6232 
3519 4704 2460 763 1602 5306 5358 6121 6160 2459 3173 4963 6166 
3518 5409 
3513 3759 2592 2593 4321 5179 191 2632 4434 171 5433 5435 106 1581 3022 871 2406 1254 6228 3081 3867 3957 5024 3955 5736 4606 1599 1975 3016 5711 3033 3027 2169 5814 
3512 4165 762 4308 859 4750 1658 2281 1248 922 2017 4583 
3511 4349 3636 3889 5206 2842 2483 5547 1906 5525 6145 83 82 1673 2822 154 2880 1053 3471 3472 2410 5564 4742 3694 859 6066 6227 4247 5865 4559 3082 3585 3586 759 3875 5960 5736 5321 4835 2971 5516 4894 6273 5830 2557 5959 5958 4879 2892 2558 355 4978 972 5930 6372 361 516 
3510 1098 1168 2592 3750 5058 1602 2819 4 5057 1365 4501 5193 5055 1412 3701 1599 1148 5966 6171 
3517 4839 3488 4155 6019 4048 5306 3828 3185 2959 4565 5716 5338 5970 
3516 2873 2134 709 1214 3501 3495 1289 3515 710 3319 5525 
3515 1304 217 2650 3101 133 2096 3360 3329 3045 491 4704 5825 5271 3250 1779 6066 5620 2156 4804 403 544 2292 3858 2910 2499 5066 991 5146 710 3134 5467 6157 6158 5468 1959 1551 3038 2557 6019 2266 4641 4647 5306 5692 2397 3415 410 5573 419 1383 1128 4898 709 5019 4322 4325 316 1127 6141 5498 4650 5768 3307 2408 5762 5763 831 3470 4805 4726 5317 3020 3495 2664 6311 6307 6306 1407 6300 1258 2494 5003 5002 3950 2603 4197 2760 3868 2930 3319 5778 6177 5121 5583 2040 2579 3501 3504 3505 3506 664 2673 4959 644 649 5970 1299 516 3805 5308 5034 1343 2297 576 5030 1347 4366 3696 2196 172 854 1632 3691 5540 1735 3516 3363 340 189 3080 500 2811 2582 1214 5837 317 5023 1356 1354 168 2959 3969 4376 15 6351 3377 5716 2272 4072 6216 3894 6380 1165 4083 5497 4247 4240 3530 5524 5525 4767 4454 4769 3732 1734 2134 6148 2131 3347 1197 1196 5388 3187 1892 3149 2873 774 5164 5165 460 5532 3231 859 3059 1887 5046 3055 3359 837 2238 2083 1602 1289 4395 2237 4994 4995 4993 478 2534 
3514 4366 4835 3495 4240 1127 133 4760 340 6265 6000 1535 2548 3101 403 4966 6306 1177 2603 5280 3950 5467 4759 3560 3561 1289 2237 5854 6215 5852 
2688 4366 4239 1065 1206 2842 1309 1127 1821 6146 1891 4826 4289 340 1759 186 6306 3188 5002 2584 5386 3620 3950 4440 4799 5467 3406 4563 5105 2238 6108 1188 1407 970 1289 2237 2397 2142 1100 4074 
2689 4289 126 3924 3712 1195 3495 2842 1265 133 4024 3415 1774 2092 3329 3045 3044 5075 6006 5820 4704 592 4726 6313 3250 1959 4380 5986 6066 3137 2658 288 403 545 2244 1692 4860 2016 349 6227 3716 4935 2466 2650 3765 3832 5388 1154 6327 3936 3055 710 3135 5460 3521 3136 3757 5467 5999 3210 5516 4875 5309 3560 4731 5342 5250 2557 5613 4132 1062 1065 4647 5306 5615 2397 533 2142 3035 1385 1676 693 377 2399 6316 2900 1908 5017 3889 5175 2666 3829 1127 6140 274 3245 3146 3271 2824 83 6148 2438 3300 3585 3476 4281 6262 3471 3029 2069 1851 4415 2548 4125 429 2664 2269 522 2073 4978 6306 1407 1657 2894 2288 5002 2449 1231 3586 2603 3588 2762 3231 3950 1136 3955 2931 3319 5778 2203 5674 1709 824 3310 2835 2728 107 5776 4758 4759 6273 5088 6275 5248 2273 5574 1649 5834 1535 5736 790 5874 5973 437 1005 1383 4956 514 2162 4188 4263 2613 3594 3805 3750 337 4182 2295 1347 5664 4074 4898 66 5046 6160 175 2199 3008 5321 6166 6437 6031 2881 1425 5350 3212 4280 1582 5705 3903 5235 4820 3363 731 183 6040 2 5783 340 505 5485 4204 2623 2624 4274 5021 1495 1805 4181 99 4441 3314 2958 2959 2184 227 4607 2956 5106 4603 4395 6402 424 5121 3770 2040 1188 6405 5716 1029 3440 867 5841 6216 6196 1480 722 5792 2102 4763 6146 4366 155 4653 4087 788 2430 5547 5446 3161 82 5696 3470 5524 2237 4454 6104 2946 500 2229 1891 3233 5354 5353 5386 970 3302 2432 875 3100 1613 3346 1638 3660 2672 1443 1587 6224 1116 3979 1755 854 3188 1157 5214 921 4318 5280 5416 3918 3357 3477 5013 859 5535 4804 2971 3359 3986 490 4563 2123 3472 4155 2614 2083 1049 1602 1289 3220 3662 4997 3194 4589 3989 5931 685 1571 516 3432 1369 
2684 2331 761 2811 3984 5127 6326 4415 2328 1347 3041 5690 5817 5498 5204 6090 5497 3918 361 
2685 5170 554 2197 2598 2776 5474 4102 3065 4432 5589 2569 6102 5121 5962 5967 1357 4330 3072 6094 5954 2271 4052 2539 5915 
2686 693 4937 4155 5306 4103 3415 6166 
2687 2971 3454 2449 2297 1265 1409 4454 545 3188 
2680 4261 1084 154 3594 6066 4898 5768 6084 1891 5099 1634 6432 6313 1582 5705 5566 3903 1818 859 4007 2664 2031 545 2506 2016 1750 4093 522 5388 3624 2728 4441 4685 6140 2184 5046 5121 5516 505 6306 2558 1602 3889 5306 3430 2672 5697 5874 1402 
2681 4398 595 1848 3540 4805 4064 2544 638 5095 1795 4422 499 2327 2011 
2682 3931 1250 2846 4387 710 2297 248 1385 132 3331 383 3292 4107 5231 6054 2016 1657 361 
2683 1347 3041 4802 5379 4928 5454 4125 2368 930 4962 361 2811 3918 3403 5893 5291 1914 6272 2124 5919 5970 
99 2658 3712 2650 1265 133 4024 5076 24 5820 4726 3122 1959 6066 403 4860 2016 5388 5467 1118 5999 5516 4731 2557 3035 5306 5615 2069 533 824 2399 592 5017 1127 1480 274 2824 6148 4204 4045 5250 4804 6313 2548 2666 2664 522 5960 1402 6306 1657 5002 3950 2603 2449 2931 3319 2728 4366 5121 5776 4759 6275 2273 1535 5874 5973 625 3594 3805 337 453 2297 3757 1347 1876 4898 3294 2199 3296 1425 859 183 2689 505 2423 5834 4441 2959 2184 6402 5401 5716 867 2232 2430 3530 5696 4454 3233 3235 1818 323 1116 2506 5099 3918 5736 5013 5535 5046 1805 1602 5446 472 3989 5931 3986 1369 
98 4898 2592 3081 4454 859 3955 871 5814 6066 5736 533 5306 522 185 2169 6228 1599 2399 
91 2658 2650 2842 3657 3651 4704 6002 28 3994 3135 5467 2557 4132 2995 5306 2496 533 5716 2793 2795 3949 824 310 1127 6452 1926 3305 5760 792 4415 4726 6306 5002 5005 3950 3741 1934 4351 5776 4758 6273 4053 4420 4059 3092 3093 3091 538 3805 3750 1347 6166 976 2203 1989 731 653 508 1211 2811 4275 5118 2959 4446 4839 4830 3785 6196 6218 4366 5110 3909 3530 231 1051 3436 6225 5362 1042 1287 2124 4155 1602 1365 1368 
90 5722 154 2557 3805 5716 2650 3530 3294 6148 4352 1582 
93 4301 190 4653 1484 5640 3302 3452 4388 6344 1637 4743 3120 6416 3790 4410 1298 6321 1691 1395 2158 4841 2012 4285 5736 267 1496 5046 6275 2557 2207 2572 6038 533 5874 2140 371 4854 4954 
92 854 1632 6306 1214 2040 2603 3495 1289 4395 4427 133 2449 500 403 2959 5467 4454 3045 4118 
95 3438 4138 3699 5577 5424 1371 
94 5396 459 2548 155 594 1946 1345 4187 457 4898 5768 5336 3208 5608 3419 910 6434 2205 1582 2328 3100 859 5544 2666 6206 650 545 2749 5802 188 2016 2503 2502 3046 1002 812 2709 2664 2628 3669 446 3335 3334 3078 5776 2120 5310 424 955 4647 5268 6313 5978 4588 154 2983 6148 2354 2399 
97 3905 3906 2636 5385 3215 2449 1195 6066 1265 6429 4590 2248 521 522 4978 
96 2658 155 2840 6003 5707 1446 522 427 2449 5046 5045 5480 1621 6012 6353 2558 5445 3507 2670 824 6219 
1177 4289 318 5467 3712 3495 2969 1309 1265 1264 133 4576 3329 1963 491 4028 1547 4726 6000 6313 5986 2664 340 4984 544 545 5555 812 2016 5386 5388 2842 2503 2469 4533 3718 4563 262 4239 3406 5999 4823 4641 2557 5613 2493 963 1821 5306 5268 5692 3363 4630 533 2142 3035 6253 1385 1381 6254 989 595 2904 1065 1127 3678 4618 5768 3655 3149 6148 5763 5854 6265 3470 2397 1719 2548 3020 6066 919 522 4966 6306 1407 1657 5002 2760 3950 3868 2764 4359 2449 5121 4759 3454 5576 2573 2797 3356 1533 3097 1006 2399 516 4978 5535 3805 2920 337 2297 1347 5330 4898 5664 251 5131 6434 5940 970 1731 4741 602 859 1988 3514 186 5868 2263 403 188 1437 5294 2815 6351 2625 638 2819 4440 4441 3525 2959 5899 223 5105 5182 3994 1188 1022 4074 3371 3208 6215 5792 1100 3961 1165 4366 154 156 3637 5755 1206 4760 5214 2949 4454 5645 1891 4558 6108 3801 875 955 3101 1962 5716 1696 5978 1759 3096 5800 3188 2502 3628 5931 3620 4252 5736 3353 3059 5046 2971 3359 3358 2238 1805 5310 3132 1602 1289 4395 2237 2236 4859 4415 1369 
1176 1095 966 3495 1222 2603 1289 3020 133 5778 470 5066 403 5525 
1175 3495 764 133 5745 3329 5502 5500 4223 2664 1071 6249 2405 403 544 2014 3994 1551 3836 1313 2708 5146 710 3134 1957 126 5758 4875 1188 3400 4872 5611 5306 5919 2258 5914 2795 3949 595 3941 3143 6291 6148 5762 1155 4289 1526 3047 1397 533 1258 2603 5484 6173 4758 4428 3398 4752 1847 4427 3506 649 2563 5034 2297 859 5668 4341 154 854 3456 6430 5540 4537 2564 6206 5868 4244 4378 2016 15 5957 16 19 4525 3889 867 6290 6452 6190 2356 2106 3066 1165 5110 747 2235 5294 4245 5525 5528 5839 1892 1680 6103 3347 322 4593 5809 5647 5800 5164 895 778 3059 1887 5046 2971 1045 2126 4393 1289 4661 5444 4997 4589 4580 
1174 5919 4415 2811 1347 
1173 2811 7 5440 5306 1347 2141 4109 1904 
1172 4365 1165 4726 2718 767 1194 4024 3245 3308 3164 4458 5760 2397 6341 3216 794 4042 1257 5982 5106 5197 4146 859 5096 1503 2664 651 6306 528 1449 3813 1097 2811 1092 4395 2971 4252 247 5736 2958 5467 387 4607 1127 4545 2119 3641 3705 1805 1828 4712 5375 4404 2083 4754 108 1845 536 5978 533 3250 3984 920 6056 1383 
1171 1347 6218 